This folder: /home/daniella/firstlogon_tour/assets/img/screens/steps/themecolor

  File: ./Screenshot from 2023-09-14 05-26-42.png
  Size: 12235     	Blocks: 24         IO Block: 4096   regular file
Device: 8,38	Inode: 10226165    Links: 1
Access: (0664/-rw-rw-r--)  Uid: ( 1000/daniella)   Gid: ( 1000/daniella)
Access: 2023-09-14 05:33:18.098518135 -0300
Modify: 2023-09-14 05:27:56.193864434 -0300
Change: 2023-09-14 05:33:17.846517020 -0300
 Birth: 2023-09-14 05:33:17.846517020 -0300
IPFS hash: QmTkHY1ZULgEEV8e4MMTYKnPD3r3X64c2Czf5ZK8ZuiprS
------------------------------
  File: ./Screenshot from 2023-09-14 05-28-09.png
  Size: 12136     	Blocks: 24         IO Block: 4096   regular file
Device: 8,38	Inode: 10226164    Links: 1
Access: (0664/-rw-rw-r--)  Uid: ( 1000/daniella)   Gid: ( 1000/daniella)
Access: 2023-09-14 05:33:18.122518241 -0300
Modify: 2023-09-14 05:30:17.817938987 -0300
Change: 2023-09-14 05:33:17.846517020 -0300
 Birth: 2023-09-14 05:33:17.846517020 -0300
IPFS hash: QmepniukQtrpLfVAs89rshS6aHzT92N9TYu5bdntBckxHq
------------------------------
  File: ./Screenshot from 2023-09-14 05-28-15.png
  Size: 12173     	Blocks: 24         IO Block: 4096   regular file
Device: 8,38	Inode: 10226163    Links: 1
Access: (0664/-rw-rw-r--)  Uid: ( 1000/daniella)   Gid: ( 1000/daniella)
Access: 2023-09-14 05:33:18.094518117 -0300
Modify: 2023-09-14 05:31:23.322094914 -0300
Change: 2023-09-14 05:33:17.846517020 -0300
 Birth: 2023-09-14 05:33:17.846517020 -0300
IPFS hash: QmPEuBVHbR5ywLQpprc5Tf1n5oLEVWFL49h6Yvv6jyvQiL
------------------------------